-1 1 -3 -1 -1 -10 2 2 6 5 2 6 7 3 2 1 -2 -10 6 -10
-9 -6 -3 6 5 -6 2 6 5 4 5 -2 2 6 -2 6 9 7 -2 -9
6 -5 5 -6 3 8 8 8 -6 4 -3 7 -2 9 -7 -6 2 0 4 -9
-2 -5 5 5 0 9 1 -9 7 -3 -4 2 8 6 -3 6 6 6 -2 -10
-8 -4 -3 -7 2 9 -8 8 1 -8 9 -10 8 7 -9 -3 -10 9 -8 6
-10 6 -1 1 -2 -10 3 8 -8 -1 9 -9 -4 -4 -1 -4 -7 -1 -5 -8
-4 -6 9 9 8 -7 -1 -3 -8 -10 4 -3 -4 1 1 -8 -2 -10 7 3
3 -10 9 -4 -4 9 9 0 -1 5 -4 -10 -6 -4 2 3 -5 7 -6 -8
2 8 -1 -3 8 -6 -4 9 1 -7 2 1 -10 -10 9 -2 -2 1 -2 5
-10 -9 -3 -7 -8 -3 -6 -3 -6 -7 2 1 5 -8 6 -8 -4 -4 -5 6
6 -4 5 7 -10 -7 0 5 -4 2 9 4 2 3 3 8 -5 -9 1 5
-2 -5 8 6 -4 1 9 -7 -4 0 9 8 1 1 5 -5 -1 3 -10 2
3 -7 1 -5 0 2 6 -5 4 -7 9 -5 -8 9 9 -9 0 0 1 0
1 -6 -6 1 1 -3 -3 -9 6 -4 9 7 9 0 9 -8 5 -2 9 1
4 -1 2 4 -4 6 -9 0 -9 4 -4 9 -7 6 5 2 -9 4 3 8
-6 -8 -1 -7 -6 4 -4 0 3 -4 2 0 -3 9 9 7 -9 -9 -6 1
-3 5 -3 -5 4 -4 -3 0 6 -2 -4 -9 4 -2 -4 -8 2 7 -4 2
3 -5 -3 -7 5 -3 -10 1 0 -10 3 8 0 -7 -5 6 6 -5 -3 2
2 -3 2 6 -10 8 -8 3 -4 -8 5 2 -5 3 -3 -8 -9 7 2 0
4 -6 0 4 4 6 -9 6 1 3 -1 -6 2 6 -5 7 -10 8 8 -1
