46 -80 48 -84 -69 -57 98 20 44 47 1 -50 53 83 -3 -60 37 -72 -76 81 39 98 -78 -15 6 20 -29 67 -47 96 46 -65 -41 -9 53 -92 -4 28 -91 27 4 53 -84 -44 92 65 88 -30 81 7 -12 65 -16 59 25 -20 23 -83 -88 -21 66 26 43 -47 6 -86 5 -43 -45 -83 -73 -70 51 -67 -31 69 99 49 -81 -25 45 -96 5 32 -27 -8 -50 -79 71 -16 -53 11 -52 -74 53 -78 -99 -96 6 -63 22 18 65 16 48 -60 -73 63 -46 3 -100 77 -26 -99 39 47 15 38 59 -5 60 -67 9 -99 52 92
-92 -69 -20 -75 24 63 73 -59 -68 94 -20 -84 -84 81 -18 57 83 -40 -79 61 51 79 -29 2 53 82 77 -76 -46 -48 75 47 86 5 32 2 -59 -60 -47 -42 -63 19 -36 -3 -84 -42 -21 -33 42 3 -30 20 33 -98 10 8 -27 73 21 -48 54 -11 22 -32 -40 9 56 -59 28 37 64 83 -45 -77 55 97 20 34 -50 -41 -12 -44 62 35 16 2 52 65 27 -57 -38 -6 -68 -27 -22 91 -17 -100 98 -71 87 -23 80 -79 94 -74 -10 -2 -80 34 29 -13 -30 -83 18 -10 -86 -70 14 -93 28 -35 73 55 70 46
-64 2 53 77 -62 54 -45 37 -11 -12 -49 18 39 66 -47 94 96 78 28 64 -86 38 66 31 -25 13 99 12 86 -53 -100 3 51 -100 -48 -36 -12 -23 -63 94 29 45 -5 -25 -73 93 59 -26 -74 -78 43 -57 61 -16 -73 -59 46 4 1 36 62 -22 91 -39 -18 -28 15 -29 -81 -13 52 0 34 -86 -81 -78 -36 -37 99 -59 18 -76 -36 98 43 -18 -72 51 98 -82 10 -38 -83 -44 -27 -78 -38 90 -68 49 38 44 -64 -49 63 -32 11 -3 91 25 -58 61 -13 -1 -8 -80 56 -55 1 -38 92 52 85 -32 -46 44
17 76 98 54 68 51 -28 -100 77 -18 -31 28 92 -93 -83 31 77 11 -8 92 11 -31 -88 -14 -73 -57 -98 51 -21 -30 -33 33 -69 50 -13 91 -81 -100 -23 -32 15 -40 -76 97 45 -98 78 61 -49 79 6 -54 -22 -89 -25 58 -47 -51 -9 -68 -16 -35 -72 -17 66 -17 15 -49 82 17 90 56 -62 99 16 -3 15 -50 44 7 45 -61 53 -35 -77 -86 70 63 -14 95 45 -28 -52 -28 -99 -60 -81 62 -64 -88 -16 43 -4 24 58 28 85 -84 -3 21 84 -50 -56 1 44 -1 75 82 94 -50 -43 17 -75 11 61 -40
-51 55 -91 62 -29 -33 28 33 70 70 -78 -79 43 -76 40 6 57 61 -20 -51 64 -19 -37 -47 -26 -83 76 -50 67 -33 99 20 91 -7 78 -89 -7 -6 -12 96 -18 -25 83 -58 57 -49 -42 39 81 92 -19 -67 24 -64 20 -59 -11 32 94 77 15 23 16 -9 35 27 -78 91 -15 88 66 -17 86 -74 -50 78 54 42 51 -44 -80 -42 -64 78 -77 -100 42 10 39 -9 -13 -59 73 42 -53 -17 -60 -59 56 -99 -56 91 -11 -5 77 9 37 58 80 18 -35 -12 -31 55 70 -26 -90 62 -48 -47 70 -2 -16 -39 -33 -24
95 3 65 41 47 56 -41 59 -83 -61 82 33 -46 40 -96 -45 43 -73 73 83 -36 13 88 59 -64 -55 61 -98 -32 77 51 18 39 88 -30 -75 -41 -18 -11 -86 66 34 -79 42 27 40 -29 -76 23 -37 29 80 -3 91 8 39 -20 -60 57 -74 58 11 64 33 80 -30 -93 70 -59 -47 39 28 71 -27 15 -80 38 -23 17 -48 -100 21 46 -98 40 -43 -83 -18 96 -17 -32 -14 25 11 72 5 95 -51 34 34 -5 -29 34 -71 82 2 9 -48 24 -61 -8 -21 72 -53 -18 -93 4 91 15 -25 -1 -48 -74 91 68 67
-99 75 -3 -44 18 -3 -71 -8 71 24 12 -70 11 -61 -59 47 35 42 10 -46 -86 24 78 6 -43 73 97 -48 67 -100 83 -10 17 -79 83 -12 -19 -41 49 29 -98 67 -34 -90 57 -69 68 17 84 -60 -78 -25 -74 -23 -49 32 -65 29 47 69 -18 -44 22 -17 10 -13 13 23 9 -81 39 -49 -51 -50 51 35 66 -32 -52 57 64 -87 -52 73 40 63 65 94 -37 10 -97 -73 47 99 96 -19 28 -26 -71 -58 17 -26 -27 -22 -20 -45 -78 -64 74 95 11 49 -59 89 -70 14 49 -80 -41 -28 -79 -6 -100 29 -78 12
89 78 -71 -20 -7 10 68 22 22 -60 61 -52 -36 89 24 70 -39 -14 36 -33 91 -3 66 79 27 -5 -90 61 -89 -12 -73 -97 -39 59 56 -92 -94 -71 51 88 25 75 97 -22 -78 -77 -100 67 41 28 -28 55 57 -83 78 93 4 -20 -44 -30 68 70 50 -65 9 59 -64 10 2 31 -60 27 -11 89 4 74 68 63 -22 -19 98 -96 -53 -32 -90 19 2 -91 38 2 5 -39 -46 68 -33 36 81 -97 91 33 -37 -88 97 -6 93 30 -9 -82 26 0 -46 73 33 -31 10 52 69 -24 -66 -33 1 -72 40 0 37 -33
17 80 -75 23 83 21 -38 -48 85 -51 59 -53 -78 -12 -46 40 33 -76 33 -22 -23 -99 -31 -43 -57 37 -55 -75 53 -81 -10 82 -69 11 64 -59 54 -18 69 -19 -16 -17 -28 -13 -6 -14 -36 -69 -49 -33 -63 25 -36 -12 17 97 -11 72 30 65 96 -73 8 -20 68 35 -39 -92 -5 98 -48 -99 22 81 95 -74 17 12 88 73 -38 10 16 72 -78 82 5 -72 17 -59 -44 -6 -64 -59 44 93 -67 53 -47 -52 81 67 34 25 -19 4 -30 -8 -29 -46 -69 -75 -25 -96 -98 1 -63 -57 60 41 -56 -81 -73 95 52 -86
79 -17 34 -31 -23 9 -87 97 52 -24 54 -38 -74 -1 82 -78 43 -39 -40 -99 -61 62 56 48 -67 -96 -27 -25 -98 81 45 6 35 -73 78 72 96 27 68 -74 28 -98 47 8 71 93 23 -61 -72 52 -28 52 -38 40 44 -81 86 -36 -29 -91 83 -35 84 -13 -15 -17 -100 -68 -13 -24 -58 -8 -40 -28 6 -91 -96 -72 78 37 -31 95 -70 53 42 40 25 83 -70 29 17 -18 64 0 -78 85 36 82 44 25 -24 82 -30 47 -88 31 -24 -12 -33 23 -16 14 42 -42 82 46 -3 69 -56 62 -53 -24 -32 56 72 67
-62 -49 -97 43 -39 -81 39 29 -23 -26 -9 -84 72 -7 19 55 50 -56 26 37 19 82 81 -8 53 75 43 98 81 85 60 -9 -85 -62 17 97 -55 -76 62 -39 -22 -67 26 9 -3 21 70 80 35 -50 -76 -97 78 -72 -8 -7 -17 -97 41 41 48 24 5 80 99 -50 -59 -51 62 -7 -42 18 61 20 43 -94 -89 67 59 -17 71 -45 -62 -99 -58 29 44 -8 6 -64 28 89 -36 42 -88 -51 96 -6 -46 50 97 20 7 32 -70 98 96 -14 -23 38 47 -33 -38 -50 -83 95 -10 91 -81 93 81 -84 87 60 -80 -55
42 20 -3 -58 21 -3 -49 4 -66 4 -50 -48 -45 47 52 -100 -10 -14 14 -75 -86 3 38 -7 -20 53 -80 42 71 -50 -83 -61 77 44 -96 -79 94 -17 -75 -1 39 -30 -32 -8 43 38 -47 17 -53 -34 -63 40 -5 -75 40 -54 83 57 32 -55 80 -21 88 -58 -47 91 -93 -26 -88 -88 26 -33 60 -59 -56 -42 82 88 21 10 30 50 55 64 77 74 -28 95 38 -23 -93 -51 -91 -53 3 -55 10 81 -67 -53 -49 -24 0 -5 17 83 -61 -13 -86 -19 -16 -74 12 -9 10 -24 1 -41 50 -19 -45 -85 -85 -26 84 99
59 24 91 -2 -100 -26 0 67 41 -7 50 -80 64 -78 80 96 64 3 -35 79 -86 -63 94 25 -97 22 -74 70 14 -81 55 45 -69 6 52 -97 -56 -82 86 62 67 -98 35 -86 -33 85 -95 12 11 -89 6 67 -21 -26 41 -44 -93 28 -33 2 41 91 49 48 -27 12 95 90 68 6 36 -53 93 -54 -85 -49 -11 -48 -30 64 7 17 -92 -26 -69 83 -12 30 47 -91 58 -35 -3 -87 -79 -63 76 -46 55 -63 15 -47 -4 60 83 15 15 -17 -75 -6 -19 -6 4 -13 -29 68 -21 -9 -73 46 -75 49 21 -65 55 61
-5 -80 -57 -50 -44 -45 88 -100 93 81 92 -99 58 -59 95 -57 -81 11 81 28 -74 95 87 62 25 -97 81 50 -86 -15 53 58 59 3 43 31 -1 43 77 -82 -43 62 49 4 -67 -93 38 5 -31 -47 -76 55 47 8 87 77 58 99 66 71 22 78 13 -54 -94 -32 -16 -87 10 -53 -53 33 39 92 48 -97 -31 -11 -38 62 -88 -49 50 17 -31 -69 -84 41 -41 81 -28 -70 63 50 0 94 -91 1 40 -87 -1 -35 16 -48 84 -14 -82 97 38 -13 -74 85 89 87 58 -68 77 -21 84 38 35 22 12 -53 -33 96
21 71 29 1 42 86 -91 12 1 70 72 -40 14 -49 -70 -93 -87 87 -25 -24 -86 -77 -3 44 17 35 -26 98 89 -92 75 81 -31 -34 63 -62 -54 -89 18 -2 -23 62 92 -45 98 -56 -32 -98 -62 -17 39 7 -78 -64 -95 5 -40 -59 -39 6 -21 92 6 96 75 -15 -9 -10 53 55 3 61 87 96 -85 -72 32 -49 -90 53 12 32 -2 66 95 -20 -26 41 36 -44 44 -27 72 19 37 52 -44 56 2 -81 -40 8 33 -25 41 -52 51 -42 96 54 24 -94 -32 27 -3 11 -27 9 -58 86 29 79 98 -12 48 20
0 -53 62 41 0 22 -54 14 99 62 37 -89 7 89 86 6 10 -27 -3 -76 -44 -50 63 -50 69 65 -3 -31 -70 4 -88 60 -51 -53 -49 -50 -98 -16 -54 76 45 -11 -90 -38 73 -56 53 -93 -74 -58 -66 -68 35 54 -59 -46 -16 -70 -93 -83 -36 -18 27 -56 -37 54 -40 -44 73 -1 -98 13 63 -91 87 -53 -67 -80 43 52 -15 48 62 -34 31 64 -37 99 -5 -8 76 -62 -97 17 -15 -32 -74 75 2 -74 -65 55 13 80 82 22 0 56 -91 84 95 93 24 -46 14 6 37 -100 -5 14 -70 -88 74 42 93 74
-23 52 58 -71 -5 51 -2 83 -80 -45 1 -77 -37 87 59 16 75 79 -28 -83 22 1 -42 -59 -59 -66 88 -82 43 -59 98 -2 -26 -61 25 -79 -70 -75 60 81 60 -82 -17 -45 77 98 -39 -67 78 65 53 -10 -81 -53 60 -52 63 94 81 -25 -32 -62 89 -56 -88 33 22 41 20 5 -65 19 -11 -77 14 -44 -83 -53 -67 69 87 23 64 -56 -40 -76 -43 28 34 -82 75 -46 61 8 20 94 47 52 -67 72 65 -68 -44 -97 -93 -44 -25 3 85 64 -56 27 -28 35 -25 -96 -91 -12 -20 42 30 -48 68 -67 93 7
16 -7 -55 41 -26 -99 -32 -33 -100 61 50 64 85 22 79 1 -70 83 -49 26 -66 36 49 95 -46 99 42 -8 -5 -93 -61 31 -50 42 -50 -62 -91 18 -60 48 -22 -48 0 55 -46 26 -48 50 22 43 25 -62 74 6 -13 53 98 34 35 88 -75 82 2 98 7 -67 61 -90 -29 -68 13 36 -69 87 19 -12 -2 -29 17 62 -37 39 40 -61 -95 53 66 -88 99 97 -80 15 -58 -60 -84 30 -87 69 -66 -62 -91 -8 47 35 -29 24 -9 -55 26 52 25 59 53 -97 -23 -58 -19 -63 15 -100 74 25 60 25 -97 -86
56 26 14 -28 -77 -100 99 2 -25 37 -74 -9 56 -78 -30 27 -98 1 32 -4 71 -7 17 10 -10 -82 -76 -4 -73 -42 71 38 -75 47 67 46 -58 75 -10 -17 -96 61 45 29 99 45 64 -81 -48 58 -95 78 -68 57 -1 19 23 47 -66 4 31 -34 -74 39 -53 -39 -10 -89 -20 24 24 -89 36 -58 8 83 38 94 -56 15 10 45 -44 53 6 93 60 -71 -8 -78 -97 37 69 33 -30 75 30 28 56 17 15 -30 69 13 -74 -95 -54 -60 -23 -62 34 99 23 90 -77 74 -5 -57 35 18 -61 -89 25 97 81 53
-89 93 78 -69 -88 -39 84 58 -17 76 -28 -8 -69 -87 74 -41 -93 -8 64 49 96 94 -78 -56 -2 51 -55 55 -40 -39 34 -50 96 -20 -62 66 58 -2 -35 37 39 -79 -41 99 49 -70 -96 5 17 -76 17 53 -13 66 -79 -46 69 35 -59 -17 -52 26 48 -92 67 -92 -42 22 12 -12 -84 11 -72 -6 42 77 32 -66 38 -25 -21 -5 -70 49 4 90 -71 -85 -39 56 -65 -27 -72 38 -16 -16 -60 1 -88 50 -92 57 -12 17 96 -14 58 -1 -68 49 -65 6 -10 -26 -28 -47 51 -32 -74 69 -46 9 -51 51 -16 66
83 44 6 -35 -67 -6 6 -41 47 1 30 71 -72 3 -42 -95 27 -98 -32 92 -96 -8 -32 -97 -92 -3 12 -84 79 -73 44 -61 44 70 -10 29 -28 -54 41 1 49 -18 38 -82 23 58 -73 60 22 -81 30 53 -24 -66 -55 55 -78 -70 69 -72 9 71 32 -90 -66 -97 14 50 -68 91 -16 -99 83 -14 -95 -57 19 -55 -71 -94 -77 -80 69 -48 -44 88 -39 -58 -13 -53 -62 -88 -71 87 -62 57 -14 41 89 -32 -3 56 21 85 -93 -97 -81 -95 -36 34 -13 -56 55 76 56 21 -44 56 31 55 25 87 48 97 84 70
-23 47 42 -10 -44 -14 -7 -79 -11 26 -81 -52 -65 -35 -27 99 58 24 47 -70 74 -84 82 -38 -20 -51 10 -92 5 62 31 -34 9 78 77 -55 20 -39 -26 -78 48 -10 14 -7 42 -55 -15 -69 16 -63 -69 -98 10 57 -4 63 -81 92 1 34 90 -10 9 97 -12 25 -69 -34 -5 -3 13 95 86 -18 -98 -60 -24 -51 21 -97 9 7 -38 73 97 -30 21 98 -15 26 -33 24 -90 47 59 66 55 -26 91 -26 6 -51 43 -21 84 -27 88 42 -63 -25 62 93 -69 -19 -89 -62 91 -30 -96 65 6 3 -76 -90 -15 35
6 1 -61 12 49 50 88 87 -88 64 -81 91 63 84 -42 -75 -92 -32 13 14 18 88 49 -57 -77 74 -73 -23 63 92 60 65 3 48 70 68 23 -86 86 -88 -31 -39 -92 65 -66 -17 29 8 95 -36 -97 -3 57 60 52 68 57 -72 70 -20 -97 -33 21 -77 98 -20 -11 -93 -37 47 91 -44 -76 60 -40 2 -41 77 -58 6 50 -78 48 -58 -95 28 -17 82 -41 34 -90 0 -49 8 -56 49 -84 -72 42 -63 -22 11 -29 -53 97 55 -19 -43 33 86 28 -22 -29 57 -73 -27 -99 70 80 -86 60 -45 -98 -86 81 17
-27 24 96 -39 -25 -2 -97 -26 -14 0 -97 -20 -60 -88 -87 -16 -82 -7 -71 -91 90 -51 83 75 75 7 -57 -34 30 42 35 51 64 69 4 44 16 91 -63 18 35 -35 55 -51 17 28 52 13 -45 49 -31 -54 27 57 -46 -74 -52 -38 63 30 46 80 -29 -97 1 -81 28 3 -97 0 87 8 -39 -7 -50 -98 95 -37 -57 57 97 -41 -60 -70 76 67 -96 -11 -90 87 8 68 25 79 -94 -66 40 -2 -63 80 -88 60 97 29 93 -43 -37 -72 66 -12 -100 83 -85 -22 -37 -73 -95 -98 31 83 41 -80 10 32 85 47
88 78 21 63 87 4 -99 -59 -23 -5 -78 46 -52 64 -27 45 33 9 -34 -81 30 6 -39 12 4 -20 -93 46 23 20 -43 3 -42 12 -23 66 -69 -18 -16 69 83 -51 62 12 60 -1 -59 -32 -86 -69 78 -79 66 -55 -55 -63 42 68 -87 -3 87 -54 -51 72 -44 55 50 78 -90 68 -75 40 -58 38 16 6 -5 25 -55 39 4 -73 67 12 -52 98 53 18 92 73 5 -88 -6 -89 -52 -96 92 -94 -57 71 -16 20 -12 -14 -12 21 18 48 -22 -51 91 92 -78 -51 6 -99 -32 85 -33 10 88 -52 32 44 5 -9
-9 -19 -75 93 86 -63 5 -38 16 75 -2 89 -60 -33 63 51 -90 90 5 18 42 49 -76 41 -89 95 55 0 -7 84 22 -25 82 -44 -1 -45 -41 10 96 38 -47 42 -57 22 12 -99 62 -92 -84 -2 -34 -89 -18 42 45 -52 -69 23 -34 41 -95 -74 -19 3 43 39 -23 -60 38 -45 -84 -89 -58 19 -7 -10 -14 -100 51 39 -78 -85 -44 48 90 86 60 86 45 4 -73 82 15 16 -22 51 4 10 -32 58 -23 -82 73 44 -64 80 82 37 -5 -54 -31 53 80 72 20 67 22 80 -38 49 -90 32 -26 -22 4 70
63 20 -97 28 -15 25 16 -49 92 -24 67 -48 -78 -30 -59 -11 26 91 42 -32 -92 68 66 77 -22 23 -58 27 -58 -40 14 -90 -49 -61 99 -44 74 47 57 -23 -99 -47 65 -78 66 67 91 56 28 -72 96 15 -77 28 66 64 87 98 -13 -33 64 -17 17 -24 -51 57 87 25 98 50 -10 -38 59 -99 39 -83 -40 -76 -22 17 -35 -20 27 -32 99 -19 -25 6 -82 -59 91 -32 -59 -5 15 -60 -75 -39 -35 -97 -29 -46 -44 60 84 -44 -44 21 18 28 68 91 -58 -41 43 33 90 78 -18 -5 84 -75 -75 88 54 13
-21 -28 2 -36 -99 41 -22 95 -21 -91 -98 -83 62 -31 -78 -81 -81 -18 35 -73 -14 45 19 -77 81 -90 -15 37 78 -85 -45 -55 -29 -70 87 -88 -41 -16 -4 -52 -37 -9 -23 -12 -62 31 73 62 72 83 5 -3 80 -64 19 82 81 -89 22 -28 6 -13 48 46 88 3 41 50 -26 40 25 4 23 29 34 -61 -37 -83 -95 -51 -41 37 39 -25 60 -37 -56 -40 -82 33 58 -87 8 58 64 95 47 42 77 7 -6 -77 -48 -13 -22 -4 40 17 24 -30 39 43 -46 10 -14 94 15 6 -42 78 87 -7 -71 -38 -61 -50
-87 65 -87 -35 -28 -14 -53 -99 26 -33 -42 18 -56 45 35 70 71 -80 71 -56 16 81 -64 -64 -97 96 -57 12 -75 -75 76 -46 -82 -91 -92 -82 -80 -93 -55 97 41 -19 -51 -24 -80 -91 18 -8 98 -17 79 54 -64 19 -24 -70 98 73 -35 -88 70 -40 -72 61 2 -1 62 -91 -26 -41 -48 -49 -71 74 18 -28 9 94 57 59 -65 59 91 -9 54 -90 -65 -38 -24 -8 -49 -97 -98 -24 -31 -24 -42 -97 33 -95 63 -1 5 88 43 -14 72 -86 -37 18 41 -39 -64 -1 -87 19 51 -84 -33 -74 -90 48 34 76 -43 -73
-58 77 -65 66 -10 86 -27 14 -76 -73 47 73 2 -20 -17 46 -18 -61 -50 12 89 -75 -67 28 -12 83 -5 12 84 72 27 -83 -58 57 36 -73 -25 -96 63 50 -14 -87 21 37 -52 94 84 67 -61 53 47 -38 12 -63 -27 68 -35 -27 -11 -22 -26 -31 -11 96 -44 19 6 -94 -36 89 3 -57 62 65 38 81 -82 -4 -89 48 -42 74 35 58 6 41 -34 -66 -74 -64 -90 35 22 -68 -95 -97 -74 -94 -15 51 -98 -89 -79 7 76 -3 10 -88 91 -57 -97 -33 -36 -7 83 65 34 -27 -33 98 58 19 55 88 37 -50
-69 -28 89 37 -46 -1 -76 4 -44 -79 -47 78 -59 39 22 55 53 -88 68 26 -5 -10 -33 -67 -10 36 29 67 -78 95 40 -35 -57 -67 -41 -40 46 64 -6 43 -55 26 -96 -66 -99 92 79 -93 -89 -43 92 60 -74 43 68 -89 -4 92 -100 -57 71 98 48 -19 -16 -61 24 -58 19 33 66 33 54 -70 89 75 24 51 52 -22 -10 -15 10 -52 58 91 -60 83 37 -64 57 40 -95 -45 -1 -11 -83 -71 -80 -43 -99 3 -47 -27 -64 81 -84 48 1 -36 1 -76 -43 -67 -23 -92 -49 26 -28 85 49 43 -22 -24 -87 63
34 81 18 -99 30 70 -14 83 31 -89 -14 76 -96 58 -54 -6 73 -49 97 98 77 -80 -66 29 -58 -36 -46 7 95 48 -48 6 74 34 -55 -12 -32 -48 27 18 -67 8 -5 -76 33 37 64 -53 -27 99 -67 -91 -23 -21 -94 -66 30 -6 -47 -93 -87 -70 -87 59 -85 76 28 -70 90 38 -71 -86 -15 12 -85 31 -68 -57 65 99 59 -53 97 -27 -55 -15 -36 52 73 89 -47 73 -85 -32 -28 -96 -45 -53 -99 65 66 10 -16 96 56 72 -35 56 62 52 -19 56 -76 7 -49 49 -71 -2 -73 -16 7 -85 -38 -42 49 -22
-78 19 -51 -79 -20 -67 -45 7 32 73 36 -71 74 -34 32 67 78 49 3 93 -81 -18 -29 39 -42 -32 12 24 8 -91 1 98 34 32 70 35 18 23 46 -15 7 45 -49 -43 17 69 -28 99 46 44 -25 -44 -33 -21 -64 -10 48 -92 56 48 -98 -42 -87 7 21 -70 83 65 -12 92 -14 92 62 62 -31 5 -74 -4 -84 -49 -95 80 -96 2 50 32 -91 55 -27 31 -96 0 38 9 67 -61 82 15 97 -62 -62 30 -73 -15 -95 98 -19 38 -21 49 39 -1 38 -16 93 86 56 -40 -100 -48 -21 -61 60 86 -72 -89
-83 -5 5 75 -81 -12 -62 94 -85 -22 -24 -31 -32 74 -81 -18 67 28 -9 32 97 -36 3 -1 -81 -11 -38 8 97 70 92 68 12 -8 -76 -45 -46 89 -50 -51 -9 -93 98 -11 -90 19 -32 16 95 13 36 -7 -68 72 -73 16 85 -84 93 -18 4 23 44 -31 47 7 -59 2 67 -39 60 -24 -38 96 90 34 24 57 9 -79 75 -8 -49 -39 -48 -79 70 99 31 79 -72 29 63 -39 -94 -51 61 73 3 19 66 -22 -30 52 -51 -91 -31 21 65 -10 20 94 1 -79 73 -5 65 -29 -37 86 15 -2 60 -64 -83 -98
35 66 72 31 78 -7 -54 -31 94 -36 -46 53 -38 -48 22 -26 14 -10 23 -95 83 72 -79 45 -5 -18 24 6 28 -53 -28 97 33 -32 -9 -31 90 -94 -98 80 -36 -14 -37 96 -21 46 99 8 -100 62 1 -73 58 88 74 -73 -23 6 -63 64 85 -23 -66 76 -89 91 -98 1 7 -8 74 -29 52 79 -17 -5 -100 26 -15 -77 7 95 -95 -15 12 17 85 -27 46 1 -69 35 -50 53 39 -83 78 77 -45 -40 -63 -97 28 -34 20 -95 -72 20 4 8 -96 79 -16 71 -75 -85 -63 58 90 -17 -14 -99 -22 -27 64 5
-7 -19 -28 -23 -77 -50 -99 -36 52 64 1 72 -65 -74 91 -20 18 66 56 -83 -67 13 -10 -93 -6 35 -45 -97 -6 -43 92 10 56 -68 62 89 -40 -15 3 44 72 -86 32 -40 -96 -11 -40 -54 81 -31 72 90 4 96 -44 -75 53 -33 93 94 73 -72 58 -44 -20 -16 19 -35 -53 -5 -88 -18 -19 -85 -74 22 -80 1 77 -25 -26 97 -37 -74 -44 -66 -54 -10 -27 34 -41 -14 5 -91 -18 94 93 -64 -24 29 -17 -66 75 9 40 -84 37 -9 -29 -95 43 -83 -13 -68 58 83 8 -94 -62 45 63 -46 -91 63 41 -82
-37 46 -70 82 -66 11 -5 -61 -85 66 -79 4 -86 -32 15 -89 -12 -36 49 -29 42 -70 -21 16 78 -14 83 3 67 86 -18 -49 -41 48 71 43 27 -6 -72 92 -18 -43 -86 -13 88 10 -69 -80 28 -67 -39 81 -94 4 -73 7 70 17 31 12 36 39 -32 -50 -32 -21 13 -51 15 -47 -94 96 -79 27 -22 31 9 -24 -56 14 -53 70 -100 41 10 -14 -83 88 -82 -20 -54 -23 -63 -100 35 -6 60 54 -83 20 99 -10 -93 20 -28 94 -7 -59 50 36 99 57 74 -40 -93 -3 -84 -89 91 -45 -89 50 7 -18 -61 38
-9 -16 78 19 -51 65 -35 -80 25 16 14 30 -74 50 -56 -57 -23 -88 82 79 75 69 -80 63 97 -62 30 -32 -85 30 -44 92 -3 -1 90 -13 -84 35 25 -34 3 46 60 19 -27 -96 -3 4 5 -15 -40 -50 26 80 -45 -34 71 -12 -80 -41 -66 93 -48 -49 72 20 42 14 -97 -45 11 -62 83 -53 88 -67 17 83 17 -27 34 48 -70 68 -65 -9 99 -57 -5 -87 92 25 47 21 23 -9 -62 -36 -84 -83 -88 54 -13 45 -73 22 86 77 -35 65 31 45 -22 86 38 31 -3 -43 -70 13 -97 87 16 2 -46 -61
1 47 -31 3 -29 -73 -29 10 91 -57 59 59 -75 -38 40 59 75 -33 -91 85 -50 -15 -42 45 -99 -97 1 59 61 87 58 -5 -40 19 -15 73 53 87 8 -89 -69 -89 67 67 40 70 -35 59 61 70 -99 21 -46 -8 69 58 85 67 27 8 -37 -100 77 72 96 83 53 56 82 34 75 57 97 -48 -29 -92 53 86 30 -33 82 6 -28 -34 -56 -64 -15 79 -83 12 98 -11 68 -47 22 -88 -69 -36 -83 -6 -92 8 -72 56 -84 -40 8 -38 -65 -54 -11 62 35 96 19 -38 45 87 17 37 11 72 -26 -70 82 89
56 72 -18 33 51 -38 -38 -65 -91 -16 -69 76 49 -49 91 -28 -61 -84 -54 23 84 72 74 69 -87 -18 91 41 25 92 -87 -35 50 -51 -53 -48 -12 28 -22 -74 64 81 89 73 48 -33 -22 91 -46 -93 43 67 84 -23 82 -16 -53 -96 95 -96 -16 5 9 -74 73 85 -9 -53 49 -65 75 -9 63 -22 65 -27 20 64 -23 -17 24 81 96 54 87 -79 40 54 -17 -100 -88 12 -86 48 84 41 82 7 -59 -48 -10 13 -97 78 -57 -71 93 -19 -34 -12 -57 -86 -21 -11 -37 -64 3 63 11 -32 47 -25 47 97 83 -10
-59 34 -85 -97 -42 76 71 -41 -69 -8 -97 84 -51 -40 -90 69 -35 0 63 76 -56 46 46 -90 95 -40 -72 17 -63 93 -42 6 83 -24 84 -21 -80 87 -8 47 43 48 -15 5 -50 -52 58 55 -92 -87 -65 -64 49 27 -85 19 2 73 -83 -95 42 38 46 -47 -93 -33 -91 65 86 13 -8 -88 62 28 5 93 15 -91 67 38 -55 -43 -43 43 19 -15 48 -86 3 99 24 34 -81 -35 96 -6 60 -63 18 -81 95 17 -10 40 -96 59 -38 75 99 -87 48 -16 -31 -100 16 49 30 -75 -35 70 23 92 -25 -15 -7 48
-58 -99 -79 89 84 -75 26 -61 -82 -72 35 3 88 44 -41 88 3 17 83 57 -35 93 93 82 71 -100 35 31 71 23 68 80 77 46 46 6 57 -100 -91 11 64 86 71 68 13 36 -55 -41 94 -58 79 -7 -4 54 93 60 -78 -67 98 -50 55 -50 -28 -18 -73 5 -90 31 63 45 18 16 48 -3 -23 64 54 23 -71 92 70 20 -39 71 -53 40 41 47 -73 -55 -6 -56 -20 -77 39 2 76 61 -59 -90 -100 -56 -14 -25 -84 87 42 -5 74 99 53 -44 -21 -95 -90 54 -25 -74 85 -83 -100 41 -18 17 -61 -21
26 -90 45 86 -76 28 -54 -71 -40 -36 -93 47 -8 95 -84 34 -30 79 -75 -64 15 29 -71 58 42 -13 -30 -70 -35 89 57 -77 74 -16 69 -14 -18 -51 92 1 -11 9 90 72 10 48 13 29 94 17 92 -49 79 70 -72 46 -38 -7 82 29 6 68 -16 -25 8 5 53 -61 -75 23 -38 -84 42 57 -87 -8 50 -26 8 -97 -95 -100 -96 -32 52 -82 -94 -95 -74 88 -44 69 -76 53 -26 46 67 60 -79 90 -40 -53 -2 92 57 -84 -52 2 43 64 -93 77 -85 -88 -23 -82 0 -21 71 71 47 69 94 32 -48 41
96 96 -95 83 -21 16 64 15 33 84 -73 71 -99 -51 -54 73 78 -43 -32 -79 -85 -35 -70 54 -51 -59 78 -52 -54 61 -50 79 1 30 -16 87 -85 73 93 -100 77 -28 -85 73 93 63 58 57 -37 -18 -41 95 58 -33 41 -5 -27 6 -78 -8 -70 80 34 -78 59 -49 91 -79 93 -57 53 -15 80 -25 98 90 83 -5 47 -67 7 -7 -1 97 -18 71 0 7 -28 -57 2 26 30 59 19 6 -94 -91 -83 -56 -59 -70 -42 -3 -8 -71 95 46 -76 -19 -49 -41 -59 60 -3 98 7 48 28 -16 -91 40 -84 -30 -88 -31
-66 54 77 46 -94 -79 7 11 -76 -40 -83 9 72 -37 90 94 69 60 -17 24 23 -34 88 -12 7 49 61 13 -75 48 -7 34 0 74 -13 -34 10 97 -96 -12 86 -45 83 79 86 -28 -94 -54 -95 86 -11 39 78 -60 -61 60 42 2 -38 -90 98 -24 57 -52 -60 4 -16 72 19 84 -50 96 -60 -66 56 98 21 -95 -10 94 -24 -73 -85 -49 28 82 -30 -18 5 4 53 69 56 -25 -5 36 26 -21 29 -86 -71 61 7 -58 -80 -23 5 38 -31 54 -37 -25 -37 -32 -51 -45 -76 -84 50 -11 34 20 -19 34 -46 -2
-54 -52 -93 35 3 95 -90 15 48 85 4 58 -43 64 -29 71 -57 -36 -53 -50 91 90 84 -25 15 79 -43 -71 -58 -84 98 43 7 -25 61 7 -69 -29 -100 15 -19 96 69 -29 13 -90 -80 -47 39 -76 -100 -28 -77 2 11 -84 -43 89 21 52 43 51 -67 19 65 -63 78 71 -86 69 51 49 -54 58 0 -44 -73 25 -68 -33 -51 75 -93 84 51 85 90 -82 -64 54 -38 -35 -100 -78 -33 94 22 11 65 10 -66 81 3 50 -97 74 75 17 -96 78 -53 -72 4 -87 -20 -62 -71 33 51 89 98 66 -86 -13 -86 -91
11 6 -42 -99 -44 -74 61 10 66 17 -71 -31 -55 3 18 89 65 -57 -68 -27 -58 93 -53 -60 6 45 -37 78 68 -73 13 46 9 53 55 -91 -89 -99 -96 -44 -62 -62 -23 -98 41 -43 57 -91 -56 -88 -7 34 -72 -49 -76 -22 5 -11 -79 48 -20 85 76 71 -71 75 1 -41 -13 -26 -90 -2 85 -8 -54 95 -12 -77 5 24 59 -32 -34 0 -54 60 47 -49 -16 -93 13 42 -94 -55 17 -33 82 94 -85 61 -76 63 -52 -34 -80 37 -45 63 76 -87 -18 84 -77 11 47 -88 -6 8 -58 -2 44 92 -37 -67 -97 -38
-47 -4 72 -74 -23 -4 -32 -67 -80 -34 -78 -4 84 93 -91 -2 72 54 -5 -80 -7 -12 70 -87 54 -65 42 -12 34 -49 -31 22 -61 -7 57 56 43 2 -18 -38 6 12 74 -33 -73 70 69 56 -22 73 32 46 41 14 60 -9 47 64 -42 21 -58 94 -8 66 -58 -43 -27 -69 69 64 41 29 7 26 -96 21 -88 -50 -38 80 -14 43 39 42 -50 63 -60 -77 -2 -19 47 19 76 -21 85 84 -40 -26 90 70 -78 -43 -64 -74 86 -36 15 -78 65 77 30 -84 -91 61 62 90 88 -44 -66 34 -43 -91 -9 -22 -98 -36
-85 9 29 68 -44 -62 99 -40 -81 -33 28 -62 99 43 59 21 -100 96 13 78 -75 72 4 42 -43 -20 8 65 -82 -64 92 -71 -67 -16 60 16 -77 88 86 -7 44 25 -13 29 82 96 -97 44 -39 -55 -92 -84 -13 -74 -36 -6 -76 85 44 -66 89 -63 -25 51 65 58 -47 71 10 1 30 78 -44 -25 16 72 74 -38 -79 -69 11 69 24 26 -16 -37 -7 -57 8 -16 2 12 -32 54 66 -81 -80 -12 -16 21 -45 14 -79 -13 -10 -52 -5 90 85 11 7 -24 -45 -93 -100 94 -85 -58 45 -55 -74 -33 68 -37 -11 -21
-32 29 -70 -96 -72 -23 -30 46 -69 -82 -38 21 -7 -89 -66 -35 -61 91 -22 72 7 93 -55 16 -70 34 87 -64 -35 2 22 39 -47 -42 -19 93 -24 -18 97 -15 99 -93 -64 17 -80 23 -90 -5 -38 31 32 5 -39 -20 87 89 48 -7 10 97 2 17 -86 28 87 29 1 58 61 -25 44 -85 87 15 35 -5 63 69 93 71 -13 11 82 67 95 59 -33 -29 -98 68 -52 94 -25 -79 -100 -60 -17 36 25 88 36 14 61 93 -97 -40 -34 70 72 -21 14 88 -86 -70 7 27 2 53 10 -20 74 49 23 17 -86 -20
95 53 6 -47 49 27 -52 -93 24 -70 -94 62 75 57 1 -18 -94 90 -85 -38 62 66 30 -36 8 26 -16 25 -46 -40 -38 21 -7 -69 84 31 -54 -5 16 72 -32 -22 91 -6 11 -57 -91 -50 58 99 -52 67 45 76 -48 29 -77 21 53 15 -79 -16 -5 -10 -25 0 -8 42 -81 -1 -10 -20 -22 -39 -45 93 -87 -3 83 -73 15 -42 -84 92 -33 70 -76 -63 29 -75 -40 46 -58 -79 -22 -21 -74 38 31 -23 83 5 -100 90 15 -88 -100 0 71 79 7 86 -82 58 -15 32 32 5 -52 -41 -65 -82 -22 52 -77 -88
83 -60 0 57 19 75 -68 78 -65 -36 -65 70 -93 -66 52 -59 10 12 22 38 56 4 60 30 8 -78 -55 95 62 -71 -52 -41 -34 -71 20 37 11 12 45 -78 43 -66 -5 82 -54 28 -46 44 90 -93 37 0 -83 -96 -55 68 54 92 90 -65 92 77 -5 84 -94 -46 -66 -27 -17 -35 -88 -21 -96 44 -58 81 -82 -15 -35 78 53 -56 -24 -34 -51 -45 60 60 98 -65 97 11 -71 87 -69 55 -79 99 41 37 25 -26 -8 -22 -74 91 11 -34 12 20 93 -68 19 64 -90 0 -16 -62 -48 -48 53 -24 85 -57 -7 -73
88 -2 -20 -69 9 59 26 -1 17 87 -48 80 -90 -17 -94 -100 40 28 -60 -5 93 12 -1 -40 54 -87 5 -17 -30 -25 -27 61 -36 -53 -18 -14 -97 28 -71 2 -46 57 -88 7 -70 -36 4 24 -67 -1 9 -83 76 -72 29 96 -10 27 -37 -49 -45 97 12 3 34 71 -94 -55 -70 -60 89 -66 -6 36 -96 43 -2 -61 -96 10 -60 -84 -64 -91 -38 80 -3 69 67 37 -73 -39 33 55 52 44 -49 97 -3 -67 53 -69 -62 17 2 -32 43 24 -35 75 67 42 88 -83 -6 -17 47 2 71 46 95 -46 -28 -85 -80 70
8 -48 30 -49 -14 -68 -13 73 -29 -1 90 89 -24 -14 -98 14 -44 -20 23 18 -56 54 72 84 -27 -39 -48 -46 93 -98 21 -21 17 62 -84 -64 -48 95 18 -75 -91 27 55 75 -60 93 -9 66 89 96 -87 85 53 -5 16 -9 5 -95 20 -46 64 98 55 41 -29 -44 83 -74 -30 -71 95 90 -43 14 35 32 -80 -78 66 89 -87 -96 76 -83 53 20 75 21 -92 -1 84 94 44 62 79 42 -7 58 -8 58 -81 -59 -76 99 50 20 52 -98 33 0 20 63 -63 -92 79 53 77 -73 86 -70 -63 -53 -25 -81 86 44
7 -16 89 40 -3 -85 -91 81 -56 29 -10 63 -51 -85 -74 -100 -73 10 93 -13 9 9 38 -10 91 9 -24 -31 62 -95 59 60 -90 -90 74 83 13 98 -53 56 -29 37 64 -64 -56 89 33 97 -47 -87 -54 -63 -76 -31 -98 82 -96 -76 -47 -44 87 -5 -56 -65 -1 -45 -39 57 -30 -4 45 -86 -8 -56 16 55 72 -72 -3 66 -80 90 -84 -21 77 83 50 -76 75 34 -22 94 -22 65 13 -70 65 34 95 8 41 8 57 -82 39 51 -34 -44 63 96 -99 47 41 82 -96 63 -94 8 -6 40 -40 -98 19 37 -67 -18
-44 -30 12 93 46 -57 -69 82 -67 -77 -18 -30 -19 -99 -96 45 68 64 -37 -91 79 41 -31 65 -63 -23 -67 -79 -66 -22 -18 -82 -64 4 37 54 43 33 -43 50 43 -33 56 -72 -83 -13 74 78 -68 96 97 53 62 36 -47 -21 72 -67 56 19 -53 -3 -10 -9 -32 25 -84 -18 -70 23 -86 -84 -38 -97 -1 12 88 -49 -56 58 78 -52 -19 -77 -89 48 41 -29 -12 -7 -56 -88 -71 4 87 -79 -81 -38 65 7 -21 88 -80 -100 -71 -9 99 80 -55 -16 35 78 -39 64 43 -59 90 95 97 18 -99 -5 0 -58 -89 53
91 -37 98 92 -96 29 -98 15 50 26 -67 -64 6 53 58 31 95 51 -35 15 33 96 -52 -82 84 -42 -15 87 12 58 -35 90 65 3 -42 79 97 -76 33 -69 -69 3 -34 24 47 49 89 -80 23 20 -42 -4 -63 91 -91 -97 -37 -42 15 -83 88 68 41 -38 11 6 -52 78 -43 35 -35 60 42 -30 63 -84 17 -36 -81 91 57 -61 81 96 95 99 39 -46 53 83 76 -48 -23 99 22 -80 -63 -71 59 16 83 89 95 16 72 24 -3 61 75 61 -21 -55 33 37 19 -54 56 95 -21 53 -73 -26 -35 -55 66 -69
-59 -37 -93 44 -44 -90 73 -70 -31 -96 -42 -75 15 -40 14 -25 97 -33 25 89 15 68 -80 -42 -36 -93 -54 4 -18 6 -26 -64 18 37 12 15 -10 20 -23 -59 -80 6 -71 10 -43 -60 -88 -6 36 -90 -4 60 -10 -81 85 -38 -17 61 -54 -34 -36 -92 54 94 9 17 -27 80 -31 -9 39 -39 -85 52 -80 -31 50 -34 -12 -63 64 -90 36 -68 17 16 -10 99 52 -14 -52 -72 -52 53 21 -74 -11 8 -36 -61 -34 64 -60 25 24 81 -5 -55 33 53 95 57 87 85 -6 38 57 -78 -7 -39 -74 -58 89 27 -41 -96
-42 -98 -89 46 -54 98 -24 -33 28 -52 56 95 -13 50 -2 57 -76 -32 -93 59 60 -3 75 62 7 6 -26 78 40 93 55 -99 24 36 -44 -5 80 -2 40 87 -100 -46 -3 -14 -59 3 -30 -76 21 75 11 51 37 14 13 -27 -13 0 82 18 -51 94 -29 25 -64 -95 -34 -22 74 -77 -51 87 90 19 -55 -9 60 -51 -3 -39 -66 -80 25 58 -14 63 94 16 97 28 -2 84 -21 -8 32 98 53 44 98 73 66 -1 43 36 -58 92 60 17 -47 11 7 -6 89 48 0 35 89 22 -16 -35 55 4 -59 -23 -76 -38
35 -62 -33 -95 8 39 79 23 11 3 33 98 1 -50 2 28 25 5 7 35 -58 -78 86 64 -5 73 29 -63 -77 -53 97 -37 -82 -59 67 -2 -62 -23 -100 -4 82 84 -61 44 70 -19 80 -81 67 58 -32 66 -76 52 5 13 -90 63 69 -85 -85 -9 25 -32 -76 38 -2 -34 -42 -63 71 -29 -93 13 -85 2 24 78 55 18 91 -32 9 54 -90 -62 -44 -23 -6 -55 42 -56 73 21 -83 21 58 -23 -33 -91 62 64 -4 71 -62 -53 -51 -53 83 70 -44 61 81 96 -68 -73 58 41 -49 59 -97 -3 -45 79 -78 9
-48 58 -89 85 -20 84 33 75 -13 -21 51 86 93 5 -65 69 -23 -35 -45 91 -11 94 -99 -56 7 17 -46 -94 -23 -83 -59 -44 50 81 8 59 5 -53 57 -19 66 50 44 -28 -61 1 54 -84 -43 -36 80 65 -54 36 3 -56 -89 -25 -99 82 -10 86 -32 -21 81 1 33 66 -21 16 40 -50 -46 36 -2 -13 50 -92 16 44 1 90 -8 -36 29 -11 -51 -46 25 -60 83 -69 -10 -32 27 -53 42 13 6 -5 -39 -81 73 -57 -28 66 13 -33 -90 68 -6 85 -65 -14 58 45 49 40 5 -45 93 -73 18 -37 89 -71
-87 -97 -82 -33 89 -38 69 -95 13 64 38 -13 26 -14 -69 32 20 -88 46 -59 -94 -91 -31 24 -88 66 44 81 -67 -42 88 68 -75 -59 51 -61 5 83 41 -13 69 55 66 80 4 84 -63 14 -17 17 -75 82 55 -75 73 39 56 12 17 -71 -90 55 55 -90 67 85 -69 44 -72 55 28 -6 57 31 3 -98 3 -43 -80 -80 -81 -42 -61 40 -68 -63 -94 -89 -45 -32 48 -28 87 -73 -81 -1 -98 68 6 15 87 -28 -94 -41 29 -34 -89 97 -19 96 -4 -88 -61 -99 -68 46 -53 18 61 -96 -19 44 -37 -29 -83 -84
-45 -53 95 -3 -21 -42 -54 9 93 -7 12 36 -94 58 54 -6 32 43 61 17 -73 65 -70 90 -40 75 -84 19 -85 -75 27 -30 -88 6 -82 -10 -18 -82 -14 -2 1 -58 47 7 -50 11 52 66 -64 -7 -98 -61 5 -14 -88 78 76 25 -39 29 -94 89 -20 -17 -22 -13 -45 51 47 38 29 76 77 -84 -39 -70 -38 92 86 0 -41 49 44 -18 95 -86 10 17 -34 23 54 40 -63 -18 -93 -36 -91 -60 71 -34 -12 9 -98 -100 16 -71 -26 -37 -67 -3 26 25 -54 56 -90 32 94 93 63 -72 -64 -8 88 53 -68 44
47 42 -9 -21 85 -35 -11 45 92 -79 -78 -66 -20 -91 56 -42 -31 -100 -70 -33 68 9 -6 76 47 -79 -63 12 37 -40 9 -51 9 -54 -92 79 -35 92 71 -94 10 -27 -84 77 71 -80 -48 -2 -28 94 -76 77 19 -21 86 -91 -25 -25 -73 82 81 40 -13 58 3 82 -33 -88 -7 97 -59 23 -86 -19 39 -36 94 85 -96 51 -42 31 64 97 57 47 -87 -86 -75 47 98 45 -14 96 32 36 66 43 -72 51 20 90 28 -79 31 -33 -91 -7 33 65 6 -88 -71 -66 86 86 -87 63 67 51 13 47 10 66 12 -60
33 -33 -45 -59 -13 -48 -36 58 -88 -68 89 68 -14 -5 -20 -39 -11 -66 8 65 -3 34 29 -12 46 -45 -5 -41 -53 94 63 22 -23 28 -75 56 87 53 -43 -18 -89 -56 -77 34 26 -97 18 50 30 -81 94 -16 7 29 81 -59 -30 1 59 -67 70 93 -74 43 -9 -81 95 16 81 -70 85 -58 80 -25 18 74 75 11 14 -2 17 40 86 -92 64 -54 2 -24 73 17 46 16 -58 -81 -30 58 56 -75 -84 -32 43 16 68 23 -15 -19 -53 -50 -66 53 63 -77 -92 68 32 -50 1 21 62 70 -82 60 -100 15 -100 -57
59 -71 23 -54 88 -59 15 -3 21 25 -89 -72 95 9 -14 -64 -88 -39 19 -6 19 87 -100 50 -60 48 -65 -66 -97 -18 -25 10 84 -41 66 -6 74 66 12 -27 82 51 72 90 -78 -41 -58 -14 45 10 8 5 -34 -24 -11 1 50 18 8 51 19 -25 -1 32 -32 -52 -96 -72 47 66 -59 24 -89 -7 -35 31 -31 15 -53 -83 -5 17 76 -88 80 -29 74 -69 11 -7 -24 -10 99 38 -40 16 76 -45 -56 43 29 -47 33 -57 62 -6 29 -77 -60 -49 37 21 31 77 2 -64 58 59 40 32 26 -91 -3 -17 -53 -90
34 -67 -22 34 -61 -56 -45 58 -2 65 -10 -26 -13 12 18 72 -31 90 34 12 40 31 -41 92 83 48 75 -37 -31 31 93 41 51 -78 31 -29 44 49 -77 86 79 79 1 -36 63 -6 -47 92 6 88 2 21 55 -43 36 79 -14 -86 25 62 -34 37 83 8 98 20 57 61 -86 24 60 93 -74 -39 99 4 17 43 34 12 -35 60 62 37 60 89 -82 89 53 39 -21 -4 10 -27 -71 14 -26 4 -38 -81 -43 64 38 -69 68 -25 -15 -60 -32 -41 -28 -41 -39 -7 -100 -51 -63 -70 8 -49 -74 -81 39 -93 38 86
-26 8 55 -15 -30 23 -16 46 23 41 -40 -50 -96 -1 -76 -47 51 -27 67 -2 -57 16 81 36 28 94 -8 -81 -13 11 -93 61 50 -86 99 -70 -87 -9 14 31 -14 -68 60 66 -19 -56 82 -90 24 -31 41 7 -72 -15 11 51 12 -22 82 -6 79 14 -54 -77 -91 80 -60 65 -17 50 -75 84 -21 19 -42 -38 89 39 35 62 -7 -73 -45 -45 83 40 -9 -49 -81 90 85 -21 99 -66 39 -23 5 -79 36 -55 -18 -51 -59 52 42 83 99 12 -54 -2 -22 50 -95 62 60 -26 29 25 -59 42 -46 55 -50 35 53 95
92 27 -69 45 -68 -9 64 69 -84 -37 62 -20 -41 -53 -100 84 7 -45 -61 15 32 -67 64 -16 -74 30 94 -71 12 -20 -1 61 77 -15 -91 -20 42 -97 80 36 -79 -34 54 68 -59 50 35 -86 53 -72 62 -52 53 -61 26 68 -27 32 92 53 96 31 -97 79 32 -78 48 22 -10 -15 11 44 -51 -98 93 89 53 -53 -41 3 26 62 -50 99 -54 48 88 46 -8 81 -43 -82 51 6 -50 73 99 0 -59 44 92 -20 8 74 -26 66 -76 89 35 -13 -23 -60 40 -31 32 -5 77 32 70 0 95 -45 92 96 -72 -10
-41 -31 50 75 -18 39 38 69 -92 -13 -68 -81 55 10 -55 70 -57 31 -21 71 -60 -66 -32 5 -24 8 -22 -34 33 60 9 -99 -83 49 -29 33 -98 11 11 -79 38 -24 85 -49 -86 4 5 -43 -58 10 46 -92 -10 11 0 7 -13 -16 -31 34 -87 -90 71 -92 -3 86 59 -72 -16 -32 65 -36 19 -87 -74 -69 71 -25 20 53 30 45 15 93 -92 66 35 17 -21 40 35 29 -70 -17 -8 -77 -11 32 43 25 -29 19 74 -79 -12 -25 53 94 -31 35 80 -63 26 13 70 -28 76 47 48 76 81 -45 -44 -46 -2 -76
47 0 -59 16 99 -65 79 58 16 51 61 28 -61 -3 -30 -41 42 38 82 96 95 -29 -86 -27 51 -88 98 96 -82 -23 -43 27 41 12 89 -11 37 -32 38 -73 16 -30 34 89 -15 20 32 -49 -80 -77 83 -86 63 28 -90 -3 64 61 -54 11 -60 -80 6 -86 -38 68 55 33 60 -56 -70 28 51 -2 1 56 -51 63 18 -10 27 -51 34 -56 22 -75 -65 75 49 55 -52 8 -100 54 86 28 -46 -79 14 81 -78 2 67 -45 -87 77 -46 -31 -96 48 -48 11 -8 9 -52 37 59 -22 73 86 16 -60 -38 60 31 -30
6 22 -39 59 49 73 63 -24 -92 -41 46 -25 -85 77 74 -65 -77 79 -22 58 -79 -73 -8 88 -43 -11 79 39 85 12 -91 46 72 16 -56 25 18 36 -68 81 63 -16 -23 -69 82 2 42 -21 12 72 -38 -3 18 -68 40 91 45 15 29 27 -34 37 41 -4 14 -71 -78 50 -47 -68 -35 -84 54 -36 -64 -29 -80 -42 98 -71 -58 22 6 -91 17 -52 20 -5 99 -98 -37 76 94 26 72 -50 58 75 -59 39 32 -27 35 82 96 -78 -65 62 -17 97 -72 -25 16 -93 -59 -49 33 47 -90 -73 27 86 -6 -49 -60 13
-60 47 -84 90 80 -100 -59 72 53 -16 60 -98 15 -3 97 10 70 27 4 59 -57 -25 -21 36 23 -29 76 -83 -22 -35 -45 5 -82 73 42 -25 -99 89 79 64 98 -97 -41 56 -43 -67 2 -11 -18 17 40 -28 56 -65 78 18 -62 -46 -77 83 99 -87 10 40 69 -23 49 -3 -94 26 -96 96 46 -17 71 63 -37 88 -19 40 89 -50 64 -41 -67 4 51 -7 70 -57 -54 -24 -94 -20 -58 62 -74 23 3 -44 -25 -49 58 39 -3 8 -58 -84 -92 1 -76 -84 1 -51 -30 -32 -100 -78 0 -7 -5 -28 58 -97 59 -38
67 -91 32 45 -18 -38 -22 24 89 -29 23 19 80 72 56 59 23 -31 -48 71 -91 91 26 -22 66 -1 -86 72 21 54 -59 91 -17 -69 -69 58 96 9 -33 -5 20 72 -22 37 -92 -7 -18 13 -14 93 57 20 26 6 11 14 47 97 80 -19 -69 95 -65 64 -66 -16 45 -21 -61 -59 26 31 -30 82 31 -75 -46 62 83 -50 -6 67 32 -19 -88 -16 7 -3 49 -32 -91 -24 -58 26 26 33 29 33 71 -26 15 98 -33 -15 75 -93 99 73 -70 -34 -82 62 79 4 40 -9 96 46 -69 -44 0 56 29 12 -71 -17
-22 45 77 91 -16 6 51 -89 29 -58 -24 84 -88 78 55 16 78 -10 84 -99 -5 -82 -36 39 12 -98 16 -97 70 -42 -59 96 -1 -72 -1 -52 -64 -77 -56 -2 82 -32 -85 -72 1 84 -21 99 32 1 -53 85 40 26 53 -8 55 35 2 82 -76 17 -53 62 -1 -31 56 -54 -44 34 -69 -57 41 23 -28 34 -70 -58 29 -45 70 97 -5 65 27 -66 -47 63 -85 27 32 29 -20 81 -16 38 16 47 -13 88 -18 -71 53 -43 80 15 74 10 -92 -39 -83 -82 30 -2 -87 18 54 -38 9 -39 47 -94 31 -17 -82 15
-31 57 92 -74 -85 -39 34 47 76 -39 -97 5 92 82 -76 97 -76 -46 -54 -65 -86 8 0 -56 -90 -40 25 94 51 18 52 -47 -37 -53 70 0 -52 14 43 0 -76 -25 38 -70 -77 -19 -65 -29 -58 -17 -34 -62 -29 -15 -11 30 7 15 -11 -95 78 2 -16 9 77 38 -5 -47 23 42 1 -19 29 -20 27 -56 6 58 -53 84 -7 -3 5 44 -95 73 -6 -34 16 -63 5 -15 -66 -93 -35 39 63 -74 -97 -2 0 -39 70 45 -82 -95 -88 -79 -20 -9 -32 22 74 22 -56 76 56 39 10 -15 35 78 12 62 9 81
-88 65 70 86 -52 -70 80 96 -6 -17 2 5 -96 -82 -62 73 -16 -70 -48 1 -79 38 -68 -62 -82 -5 28 39 -9 -47 -96 84 -58 4 -43 38 -42 42 -77 45 57 31 26 86 -1 -59 1 78 -38 70 31 -91 48 -86 -74 -54 69 -26 80 -98 65 12 -8 -98 70 49 -27 -59 -37 -43 73 6 -85 49 33 -8 -84 22 50 36 65 -95 17 67 34 16 -35 -92 9 3 50 83 -74 -30 57 33 -98 -83 91 -85 80 -95 -25 40 -3 74 -69 -54 -11 -81 74 -78 82 -15 29 46 96 81 -7 -80 61 6 86 -46 -52 58
34 -12 -14 18 73 57 -72 90 -67 -28 -24 -73 10 -53 78 5 -51 86 79 42 78 -44 63 56 -30 -10 70 60 -62 30 -20 1 -35 36 86 -53 -34 21 -37 14 62 -86 -48 10 93 80 58 -37 49 -81 35 67 85 87 -42 -39 -99 -25 66 41 16 85 -84 56 16 -69 76 -73 -32 34 81 59 -89 23 -3 -86 38 11 -30 -55 -19 97 61 -35 -23 -7 7 -75 -5 93 -38 -9 74 59 92 68 -24 29 73 95 15 12 -38 11 -74 4 -9 -69 93 90 -36 23 45 -85 -10 -33 -79 -24 81 61 32 69 24 -90 7 -10
31 -68 -31 31 65 26 71 89 50 -54 -62 -7 85 -83 -41 93 -20 58 48 -47 -17 -71 58 52 28 42 81 -46 -30 80 -20 28 -59 62 -64 91 -99 60 -34 -84 -29 -50 -9 -56 35 -75 -94 -27 86 -62 31 -1 -77 -2 14 -19 -15 -98 -89 -59 52 23 -85 -54 -37 97 92 72 -2 -24 49 -48 -70 -39 -26 96 33 8 27 -27 73 24 10 -64 -38 95 -98 -21 -65 46 -36 37 -17 80 -73 40 -35 83 -40 -61 55 99 53 -64 32 9 31 -16 -44 32 -59 40 4 13 -68 -33 -8 -62 49 74 22 25 43 -75 29 80
93 78 -2 79 54 -54 43 -34 -77 72 45 -16 83 43 85 70 -15 -82 -55 95 -37 -81 1 75 -39 98 -43 -76 -38 -85 -81 -34 78 -73 -30 -82 80 -14 63 4 -91 21 -57 -3 -46 21 -90 50 -34 -40 40 -91 -51 10 -18 18 -82 86 -89 93 -87 -42 -7 33 28 82 -69 -28 57 -36 56 38 10 -31 -66 85 77 -50 46 -91 -60 -93 -84 -88 -93 -94 48 37 14 18 -23 0 82 53 -27 30 15 62 6 -76 15 60 -35 -52 39 54 45 -62 12 92 20 -64 -26 36 67 57 -19 -59 -29 0 -6 -63 60 12 51 0
92 6 -64 95 -73 27 34 -19 -35 -81 46 -38 81 -72 -27 -12 10 77 79 -30 -87 -11 -67 -94 -39 -62 -35 -90 -31 -72 35 -51 65 52 -62 47 -37 8 -55 16 27 86 -66 -95 -14 -90 62 -54 7 -55 96 72 25 -22 83 -66 50 60 90 86 57 53 -79 -13 63 76 79 52 20 38 -70 -70 12 -19 10 85 -3 -46 -88 31 18 20 -39 41 -70 45 41 57 67 -15 32 60 51 -87 -63 -47 -82 -24 18 -42 -34 10 55 24 73 59 -36 27 -69 90 -14 -51 -35 6 -68 -51 -73 1 94 -63 20 44 -79 88 9 -21
87 -75 -39 94 92 52 76 48 36 -9 -37 27 46 -45 -48 7 17 31 -2 30 -2 -56 69 -35 85 8 78 75 45 71 -69 10 82 48 53 -78 94 -31 -5 25 -99 -97 -100 -25 -17 55 -62 -32 -52 64 -4 82 -14 96 -20 99 -15 -1 -7 -78 19 54 65 -2 -45 23 87 0 17 -39 0 31 60 38 -46 -88 -9 -23 76 30 24 -2 -93 -22 34 23 -56 -45 76 -36 36 -37 4 -48 64 33 -88 -93 73 -4 98 -31 6 -32 91 -59 -15 72 34 9 -46 14 30 7 -88 55 52 6 21 0 34 18 -62 -52 -82 14
-90 1 -85 63 -41 -81 90 27 78 -35 32 -63 27 -98 -46 -31 -52 80 -61 86 -53 -80 51 -75 -7 -40 78 -33 49 -82 97 -61 35 30 18 -66 -79 -53 -3 -70 92 85 -69 -13 12 -64 23 -76 28 -82 -72 -25 -65 -72 4 55 -11 52 57 -75 -64 58 65 -4 91 5 86 68 23 -21 -14 3 69 87 41 -6 -96 19 31 -4 60 71 -9 -4 -100 62 -33 -83 40 -100 -85 71 -2 -95 72 -12 79 58 6 54 73 80 -80 -1 -99 36 95 -88 69 30 -29 66 -62 -27 -70 50 -91 22 75 49 78 21 -20 22 -30 -47
-34 -14 -63 -50 64 37 59 42 -10 -51 20 -24 -60 -96 -99 -89 32 98 -4 -75 52 -51 -57 35 -7 -6 -99 -66 -76 12 95 41 34 -95 -86 94 62 95 92 -2 -15 26 -95 42 -89 -75 -32 45 25 46 -51 -50 81 11 -67 54 7 22 84 -21 97 -69 73 2 -22 -46 -74 64 69 -78 -59 -82 56 65 -29 -42 86 -74 -60 -44 48 -85 92 -52 55 33 41 85 -73 -67 15 -22 -56 -49 -87 -28 7 -46 -87 -34 44 -92 46 76 69 -80 -53 23 48 49 62 79 10 -13 -72 95 96 -41 44 39 -36 -94 -55 36 93 -75
37 85 -1 66 92 -72 21 27 50 57 -29 52 -9 88 -80 30 46 -77 34 -75 -13 -12 -52 -75 23 34 -81 33 23 -32 1 32 9 85 6 35 54 73 -87 -24 -52 88 -80 -54 -38 -23 36 -66 -68 -7 13 28 5 -29 -26 35 -51 -54 -2 -34 -10 69 87 52 -93 -63 -85 86 -65 -84 59 -80 -53 -24 26 -65 -97 26 39 81 40 85 44 72 -50 35 47 78 -31 -62 -70 36 85 -4 -57 61 -67 52 97 -41 -23 -20 -12 47 -79 46 99 55 -36 -26 63 77 -70 84 -61 13 89 -77 -84 73 64 -19 -46 -10 -7 -46
-96 97 -56 -17 45 57 88 -52 -9 1 48 81 -7 11 -16 6 81 -71 37 -97 -77 82 58 -76 93 -13 -23 65 97 -60 -96 -19 -85 -43 65 -56 -99 -36 46 13 -19 -37 8 -3 75 -64 -25 -46 92 86 -83 -24 -8 11 -3 69 42 58 70 -71 -71 -14 94 63 42 -84 22 -60 -49 -68 83 93 82 46 -41 -64 6 80 -79 -32 81 -50 -43 35 3 33 -15 -16 -48 -24 95 61 84 20 -16 43 32 -12 78 -76 1 4 -33 -37 -23 5 48 84 -60 20 39 -97 72 23 74 -7 -66 65 -45 -81 18 47 -93 -71 45 58
28 56 45 35 66 -58 -25 -94 -27 -84 -68 -8 -87 6 -100 -18 -68 56 41 62 80 91 -82 43 93 98 -2 37 4 -82 -82 78 78 -6 -82 -59 -45 -61 93 -26 -9 94 -54 -12 -28 -7 -63 88 54 32 79 -89 -1 -56 -55 -74 -81 -86 87 42 -46 89 27 -44 18 56 27 83 91 -64 -82 4 46 -53 64 24 -60 68 12 -65 -76 97 -83 12 -47 42 -64 -87 -50 -11 -84 59 65 -83 -45 82 93 -25 -48 -22 28 2 19 -27 -95 -74 63 -62 69 -43 -100 -36 74 -1 93 61 -49 -12 27 -84 81 44 84 -6 -51 -62
-37 -78 79 -66 -77 -42 -56 -42 39 49 -80 -12 10 90 -69 -57 36 61 68 -96 -8 -58 -36 57 -79 -40 83 86 30 -57 -68 -20 10 52 65 88 63 -10 -31 -87 73 52 -44 75 87 44 -51 -20 -85 -53 81 32 -84 -39 66 45 -1 -100 -3 -96 -41 -51 50 23 -85 -52 80 -88 -15 -54 22 58 -15 50 -39 -15 -94 -18 -81 -48 -50 78 -38 34 -83 -22 37 -21 43 12 -91 65 12 98 71 -88 0 -7 49 62 -37 13 37 -70 -81 14 93 -34 74 51 11 -46 -83 -46 39 -45 0 -18 -20 7 -39 33 12 95 -60 -56
-80 -98 -67 -39 34 1 13 -55 -36 1 70 29 28 13 -24 14 96 85 39 -58 83 23 0 -99 82 -28 69 67 0 -58 7 17 25 -32 79 -23 46 -32 -85 -65 -7 -3 -53 -71 49 -42 74 73 -39 -33 78 -64 83 38 70 86 -7 22 -48 -72 75 -43 19 -93 99 -54 -78 -71 38 31 -90 -89 55 83 64 -76 -46 37 -84 0 45 35 51 -12 -83 -95 56 26 -14 4 -73 85 37 -82 -58 40 76 41 87 -65 25 -26 34 56 73 70 58 62 -76 -14 33 53 92 22 -76 -84 90 99 -66 -66 -99 38 -16 -34 2 -79
-1 44 75 -1 31 3 28 -29 -84 -26 18 -43 -49 60 -43 16 10 -94 95 -37 62 -60 90 -10 84 -9 -3 -51 39 -51 -40 -70 27 -42 -37 -13 -13 -86 18 -64 -9 -26 -90 -20 -64 66 43 -68 56 4 -80 34 -98 55 35 42 -23 11 39 82 12 -12 -31 30 -60 -26 47 -12 44 -32 -47 -32 -60 62 -2 30 -13 8 65 -94 16 -96 63 -5 60 61 88 -27 -87 69 -17 -81 -96 -33 -53 -16 -82 -84 15 -98 29 65 0 -61 -73 45 37 -15 74 70 93 44 -57 54 -89 29 -35 -36 -18 -71 52 -60 3 -34 90 61
90 -4 -29 -33 69 -86 -3 48 -43 -62 -5 -71 57 60 -29 2 45 -75 -10 15 39 -87 -9 -97 17 -44 94 -25 74 47 -97 -93 -96 -6 88 69 98 39 -19 27 -99 42 -34 76 63 -61 61 65 -18 44 -56 76 -54 51 52 -23 13 57 -94 92 26 9 -13 -90 28 29 26 -42 87 -14 67 -35 -31 -11 33 24 69 -2 65 49 -55 49 34 58 16 93 71 -30 80 52 98 9 47 -94 33 -33 50 71 -93 24 -85 68 -44 -19 -20 -89 90 -17 21 71 -6 93 84 -19 28 62 -90 -29 -85 -64 -20 -75 3 42 -55 -32
-84 -95 -35 -54 74 66 -80 8 69 74 -85 -55 -70 34 -15 68 23 -39 54 -61 56 68 26 65 22 90 13 18 -43 55 -73 -15 -6 98 90 59 -56 73 31 98 26 8 35 -89 -74 85 40 11 69 4 31 33 45 52 71 54 13 -63 61 78 -37 54 -87 -94 10 87 -37 -56 -57 -5 -76 47 -85 57 64 22 -13 -49 -43 -14 -87 51 -86 34 29 -44 -41 -44 -73 76 99 6 -38 -8 -23 67 -51 21 -5 29 -75 -58 -94 -6 -20 90 -95 -53 -32 -24 -87 -84 -6 52 -11 85 -42 71 85 -100 -23 25 -9 -80 61 -43
-75 38 2 -21 11 54 62 -60 21 -58 -52 -8 90 15 61 67 -56 84 62 51 -9 90 54 -3 11 -78 19 60 -53 -90 -76 -8 -84 67 89 99 -95 93 -56 -53 26 59 -79 76 9 24 -71 -93 -48 34 -31 30 96 -60 95 80 8 -92 -81 -63 -77 90 -18 -48 -80 96 50 69 -5 -66 -48 3 -26 -94 -82 70 2 78 80 38 -89 -50 -17 92 -55 48 -23 55 -31 45 -57 -97 18 76 -55 26 -38 -71 -33 46 -10 87 39 -75 37 0 4 -63 94 83 46 62 12 84 65 -34 -75 -75 2 -84 92 48 8 -36 89 -5
42 2 -68 73 -72 -73 15 45 -8 2 -94 -100 -26 4 72 27 -71 14 -47 80 -58 -41 7 58 34 13 32 -20 60 -76 1 38 80 -85 68 -74 4 -64 24 71 28 40 59 -6 -25 -11 70 -74 -4 30 -94 -62 -34 31 -79 0 -10 99 -71 -80 -64 -66 72 -41 -69 74 80 84 73 -96 -27 -96 66 -55 81 92 -54 -80 -88 -24 94 27 71 21 72 10 -16 -34 19 5 -59 31 7 70 -25 -6 -15 -93 57 68 -32 -19 -1 -96 -5 47 9 -2 80 -24 79 -66 74 -52 99 74 -19 90 -24 59 74 34 28 39 5 94
-93 -1 14 -22 47 -83 -8 40 -19 92 14 11 17 -42 0 5 91 39 43 -81 -91 -32 -3 71 -82 77 -63 81 83 -52 60 90 20 99 -79 86 -13 -1 22 19 -50 93 86 44 85 57 -42 -41 10 76 96 -74 -42 18 80 50 69 58 -39 22 -47 -40 80 85 48 85 98 94 -45 -67 33 59 -37 59 -50 -57 87 -45 -47 -27 23 40 -20 94 40 -15 95 -6 -79 -90 85 14 -41 65 -38 71 12 -28 -64 -75 12 51 97 59 42 36 75 98 20 67 76 84 16 15 -99 -31 67 -5 92 8 -78 23 -69 -26 -35 98
-83 -70 23 17 21 -70 -33 -9 -86 -37 -86 -85 78 21 46 97 -19 38 -45 72 -21 -10 24 57 -24 74 84 16 59 -91 63 -51 -94 -55 -93 62 71 98 7 31 -61 -92 53 -100 -29 -73 -6 60 -59 -15 0 22 47 57 85 -89 58 73 24 33 -41 36 -83 -6 -23 -97 87 28 50 13 -13 -64 21 52 -46 -29 53 79 63 -85 -99 -76 41 -7 70 -68 -88 45 36 29 48 4 -29 8 -47 -52 22 70 -23 38 -11 58 -7 -24 17 5 -49 -80 78 73 -76 -23 62 80 0 75 79 -63 38 68 65 30 34 -12 21 -1
-56 32 -65 -90 -85 32 -67 39 -7 -14 24 93 -12 1 -89 44 -15 46 -28 -88 -17 -53 67 -51 -29 -31 -85 18 19 -34 -100 35 64 -97 64 -39 -22 -37 -49 -62 -100 -1 92 24 7 27 95 2 -38 35 19 -94 92 -36 47 -29 -100 -19 69 -6 45 -96 2 10 -1 -50 -81 99 34 -24 -19 91 -65 54 -11 38 80 6 20 74 -43 -22 -17 63 -96 -21 -92 -28 -85 -74 -29 -15 41 11 -55 67 -27 -35 -78 72 29 10 23 30 -31 24 -43 -69 -8 14 -64 -51 83 -10 -16 -89 -1 45 55 -65 -45 88 29 -58 84 5
29 -7 95 -99 -9 43 52 -29 19 -70 -81 -29 -44 50 84 -15 -53 -67 60 21 -55 11 -37 -68 47 42 75 71 -67 -23 45 -65 4 -46 13 -8 -31 -44 -82 -27 -38 84 -15 52 74 -43 3 -69 19 75 -21 29 -83 24 -97 -83 10 59 -56 -67 27 -35 3 12 -41 72 7 -87 29 98 57 -68 95 43 -46 28 -37 -99 -80 -33 62 -5 55 -21 -63 54 -94 -49 -100 45 6 -21 -99 -74 1 77 71 -91 -91 -71 -56 74 30 22 -70 -13 -21 10 97 6 22 -82 -97 -44 18 68 41 45 27 95 -74 -60 -59 36 -51 60
-45 45 -23 27 22 -96 5 18 -36 0 35 -25 76 89 -85 -51 7 -33 -1 52 4 -41 -25 -74 88 -58 30 27 -53 89 -38 60 -8 -87 73 -14 -90 96 71 -27 -22 -72 69 -25 10 -27 59 34 65 16 71 -12 -31 -93 62 53 -31 69 -51 44 86 69 60 -15 -90 32 -49 55 36 53 -25 66 -84 -31 90 -29 95 -49 -32 28 -90 37 42 -22 -76 83 -98 -31 86 68 95 -5 15 -96 -20 97 79 -50 71 52 -51 -86 40 -96 -4 24 63 99 44 46 20 78 -51 77 81 46 -22 -75 -84 -15 -95 -78 -80 35 67 77
-29 -28 11 51 8 -25 -37 14 -24 72 70 34 69 31 46 74 51 99 -46 -10 -11 80 28 -12 9 -70 -66 -65 82 -49 -46 62 18 -65 -80 -39 77 95 -20 -90 22 -31 -13 21 -3 -48 -68 7 -76 74 71 -96 84 -24 84 16 13 -16 -4 -57 -38 -88 23 0 -12 -32 84 -2 -1 -59 83 -33 -87 -52 92 -36 -80 89 -17 49 -72 -13 -75 56 71 31 23 -22 -43 0 59 18 1 69 -68 62 -66 -71 -94 -53 69 72 48 -58 -72 -87 96 -8 -40 -55 -43 -17 -48 -30 -79 3 -60 16 -8 26 -77 94 28 60 92 -79
-2 -66 63 -63 -50 23 -73 5 97 75 13 -52 12 74 -6 -26 -46 -14 56 54 24 27 49 17 -84 -81 46 30 55 -38 -95 -47 -46 93 -31 -87 -91 9 -34 2 -46 29 -30 -90 73 -68 -22 37 -97 39 -66 79 45 -6 92 -68 99 -79 -77 91 -97 -85 -73 -20 -74 61 42 38 10 10 -55 57 -16 -94 -2 0 -75 -62 -36 52 -88 -20 -25 -97 -22 -96 17 -36 28 66 98 93 99 -3 89 -38 -10 -98 69 -54 64 28 91 93 6 64 19 85 60 -10 0 31 47 -79 51 40 39 31 34 4 -61 -11 31 -53 39 99
86 -14 -49 13 71 19 44 46 21 -54 -62 78 -22 98 -79 19 -39 -47 83 -10 52 -94 5 -79 -65 -51 -27 -24 66 -49 -44 70 -2 -68 60 29 89 9 -41 72 56 23 11 -28 91 10 -82 57 32 -15 88 -1 73 52 26 30 19 70 25 62 -37 -76 -51 -5 -94 -90 -72 25 -2 59 0 39 -57 8 1 -100 45 -15 48 18 -32 85 -97 -49 -12 -25 72 -1 -75 10 87 76 65 -33 80 -19 65 76 23 -31 -46 -57 31 -14 -24 46 5 -94 12 95 89 40 -43 -47 11 -7 71 83 -33 81 -37 50 -14 -23 91 75
-78 -21 91 16 80 -26 -64 13 71 47 -78 12 6 44 38 -45 -83 44 75 -64 -37 -91 89 35 -77 -20 -68 56 -98 43 8 -38 -49 -42 54 26 73 25 -30 60 -58 -48 -78 -9 -48 68 -17 32 -34 61 -11 -30 86 -16 -87 -35 -50 62 7 34 -83 -31 -58 62 43 -19 -63 -25 6 63 -92 94 -11 -91 -12 40 86 -4 31 94 -24 -71 -77 -82 -1 -65 70 -58 -12 -89 64 -19 -97 16 13 -35 -21 24 -36 88 74 68 71 33 16 -39 10 37 -42 -100 82 55 -8 83 45 -52 -7 -37 -52 3 -66 77 -1 34 -2 78
-96 -59 58 83 -68 -57 -6 46 -67 -24 20 13 -54 -36 36 -51 69 42 -70 20 87 -85 26 2 56 28 -48 65 -42 95 -51 -90 50 11 -98 33 -24 44 -14 -48 29 -53 -34 87 -65 86 -70 -15 11 -75 -34 -2 3 11 16 45 5 -18 34 49 -92 0 41 6 -60 88 11 62 -31 98 95 55 -54 87 75 -58 -55 90 56 97 58 -84 8 80 99 70 -4 -82 -96 -17 -59 -43 -77 26 69 -34 29 83 34 92 -93 34 52 -95 -78 50 -70 0 9 -29 31 51 18 -36 -95 47 63 -37 25 -53 0 -3 47 50 76 -69
52 26 -42 94 -15 -79 85 99 31 -41 77 48 21 -10 -17 81 -85 -82 42 -61 60 -60 -14 -28 31 -89 80 -33 70 -9 1 -27 -59 -87 -47 80 -67 -26 42 93 -41 96 41 -91 -52 -86 -43 -64 -33 53 1 -34 94 4 -35 35 -33 -98 -1 -92 -86 -50 -83 -34 30 45 -85 89 -61 15 8 85 28 -6 -75 39 81 24 -22 -64 22 -92 -76 66 -6 -61 -59 -96 39 85 -95 39 -44 -56 13 -52 -1 53 -73 57 44 80 -36 34 55 -44 25 98 49 78 -19 -81 59 -86 -66 -14 75 -72 -45 -19 -61 44 95 -31 69 18
59 -9 -29 44 70 -11 87 -57 -34 -75 -49 -20 94 91 -64 96 -20 25 -7 96 -61 95 -39 37 -97 30 60 52 -95 46 55 -20 11 91 81 -39 22 -69 -25 90 65 60 -50 -80 89 32 34 43 -72 14 -85 -13 -8 77 -80 23 -51 -5 -5 -64 -87 -43 21 86 -44 -9 -96 60 47 -100 15 68 -37 -34 -59 -12 96 -13 -22 13 5 32 15 62 -9 -16 79 -30 -82 -90 15 21 23 39 -21 48 -12 2 -54 -54 16 -35 -34 70 19 -11 -65 1 51 -47 -61 -30 -44 -34 75 -84 -30 46 60 38 74 76 46 39 79 96
37 79 2 -36 -23 68 22 -46 76 94 -23 72 -40 -86 96 -92 5 9 33 -63 -81 -91 -98 -57 -74 64 47 75 84 -66 82 -99 -52 43 -30 92 68 -12 78 -93 80 12 -56 -19 41 -73 28 -50 -31 -26 8 -11 90 -97 -32 -7 55 92 50 49 -79 77 69 -34 47 -26 26 -42 96 49 -43 62 -23 84 41 -42 -6 20 82 -11 -38 -43 4 -66 97 97 -62 -84 -3 -92 88 -67 -23 76 -57 1 -38 -50 40 25 -18 68 -32 -28 50 -93 5 -52 -40 -3 5 19 79 -41 16 -4 -5 30 -100 -14 26 92 -64 -35 20 20
-74 14 32 84 21 -79 -67 98 97 50 -58 36 62 26 -65 -57 -13 -83 -81 -18 -16 76 33 -54 66 -7 -60 27 -11 96 96 -49 14 -1 -75 -77 62 -52 -43 37 -43 -34 -38 1 -91 93 -71 6 60 -57 3 -52 54 -20 81 66 -21 -58 75 79 30 55 95 20 26 -39 9 10 50 -97 -62 37 15 37 -31 -92 -80 -87 -4 -67 39 22 65 -85 -86 20 0 -36 53 70 -32 -54 99 -27 -21 -2 58 50 -28 52 -84 90 -39 12 5 60 -44 37 -39 -72 66 71 -56 55 69 -9 49 -74 -18 92 -94 -11 90 52 -3 -24
-6 -16 -18 50 -68 -94 -11 37 -36 96 -100 -59 92 71 -74 62 75 74 61 -10 -97 68 49 -26 -36 -53 81 98 48 -15 -82 -34 76 -29 88 -40 82 -77 -91 -84 -92 -78 -50 -59 -100 81 75 81 -54 96 -59 41 41 69 -75 42 71 37 50 1 98 -92 92 -22 73 -78 -51 44 -100 -79 1 -73 70 -61 42 -55 54 -60 -67 -39 -67 73 -91 -68 -3 -14 17 78 39 32 70 -88 -20 58 45 -16 19 74 -13 -71 -31 24 85 -12 2 -70 47 -63 -2 28 -39 37 -53 -43 67 95 -90 11 -30 2 -36 -67 -72 -20 36 -63
99 13 68 43 94 18 -72 80 -34 3 -68 51 -96 -86 18 34 77 49 -36 14 90 -10 3 44 17 -56 81 -2 31 57 -68 53 -76 -41 42 88 -90 -29 0 -80 -4 -85 -80 44 -24 -25 -65 -76 89 14 40 -49 -72 -15 85 43 -86 -100 -27 -14 -40 -67 -41 -60 98 16 -15 38 -18 -89 -98 -6 58 45 -56 -4 73 -34 18 -51 -24 -51 72 82 -95 34 -64 -53 62 55 -50 -89 -90 76 -34 7 34 -39 -34 89 -69 -7 -34 -36 -14 -64 -24 99 -68 -95 -45 51 91 -21 62 -43 10 -55 -27 46 82 77 -25 34 -56 -68
82 -77 -15 3 -98 -53 -90 -89 54 -97 -47 30 53 49 36 7 35 5 -55 -57 65 -86 -90 -11 -61 -87 22 54 -17 -40 -68 57 1 8 4 -25 91 43 -80 -94 82 91 30 77 98 6 95 -31 -56 -91 -76 -20 -84 72 55 60 56 38 -77 -93 -34 24 31 -82 -84 -97 45 34 62 -12 68 34 38 -52 -41 24 -7 13 -81 -66 -46 -75 34 -63 -8 -72 -54 -1 -38 -95 -94 30 77 -31 -11 34 40 64 35 -12 28 -19 -45 61 -24 77 78 50 -76 -86 44 -69 18 -32 29 -92 3 -95 -41 -3 -88 5 -83 63 -82 76
38 39 83 42 -83 3 6 -83 2 -27 34 -98 32 -38 52 85 8 -47 -3 -33 77 -7 22 -23 -67 44 47 -32 1 -48 19 63 63 49 73 -85 30 44 -15 -88 59 -17 58 94 -50 -76 95 7 -91 -39 6 53 -36 45 76 8 31 54 -99 -62 42 68 7 80 59 64 76 -96 -78 44 -69 -79 80 -20 -55 -79 -51 22 95 47 78 96 -94 -67 -43 -41 -70 43 -43 42 24 23 -23 91 -7 -54 -30 27 22 99 -26 62 88 -30 77 -94 38 95 -73 78 66 -97 57 78 -38 -30 -84 7 35 98 -100 -37 47 -48 -64 20
71 -71 64 -27 31 -36 -43 -16 4 -53 87 -15 68 43 32 -6 13 -78 94 26 57 -71 -87 98 25 29 89 -42 -35 95 -56 48 79 39 7 53 24 79 5 87 -64 78 -67 -82 -39 3 80 -62 -88 -92 -46 -3 77 36 68 57 32 -21 -22 -15 -28 40 71 76 24 74 -49 67 -62 -50 -82 -44 45 -65 -99 80 -21 -95 63 -38 65 78 -89 -36 70 -66 -81 -86 -70 -36 0 25 -17 88 -55 -6 4 84 21 24 92 -86 63 -99 63 86 31 29 67 -21 60 -80 -86 -23 -26 85 41 -93 77 -36 -83 5 89 -51 -76 34
20 41 -90 63 -70 -100 99 41 -91 -39 -72 -79 17 9 19 30 63 0 -58 85 -29 -55 -2 -26 -70 71 -27 14 -34 -68 29 -73 -18 -46 49 83 36 71 63 -40 -97 -73 99 87 5 -98 -74 66 -27 10 -100 66 84 69 51 37 -17 -79 -23 66 -66 30 2 0 -6 41 -24 0 -10 -68 58 -4 12 29 -50 8 58 -73 30 -20 16 39 -54 -91 -34 -99 -69 56 -84 7 -34 -1 45 22 31 -2 -94 23 -20 -69 36 -33 6 -53 -44 99 2 -58 48 -59 78 -81 -55 66 46 50 -4 -52 83 -75 -71 -55 -83 -33 -84 -93
-2 -4 6 64 23 11 88 -11 44 -68 99 -97 -78 71 78 -79 21 98 -5 -98 -69 -68 -32 -95 -88 54 46 68 -26 -36 -61 19 -50 -57 16 46 64 55 13 48 -85 70 60 -10 19 10 48 28 -72 -41 23 -63 15 19 25 -84 66 -13 27 87 -91 -15 65 -11 29 -25 97 24 -82 16 -65 59 -74 32 -18 13 -24 38 34 86 -35 -10 33 79 -51 -63 -34 -13 -46 -59 85 64 -37 -32 9 -75 54 36 26 1 35 29 83 -93 45 10 -83 -49 -64 2 17 8 92 21 67 -19 38 -44 -12 -2 -5 98 -36 63 -71 -58
85 -20 -33 -94 -66 -66 -89 -94 -44 -98 56 -53 -31 -77 58 77 -76 -55 -97 -73 25 -86 -7 54 47 -98 10 -1 -24 -44 -22 27 72 59 80 -31 -78 98 -33 -86 -25 -95 -22 26 -1 62 76 -58 65 20 -74 -88 -81 -1 -37 -87 -50 -24 64 -72 57 68 -58 -35 67 -66 -93 -68 62 78 7 66 -86 40 -6 34 66 -10 73 10 47 63 -43 9 -51 -50 15 -16 -67 49 -3 -71 -86 48 9 -83 5 -43 -46 44 -10 -89 21 -29 -74 37 -29 92 -18 -47 77 -2 64 78 -65 44 9 -79 -16 28 -43 -7 60 72 78 -72
-98 15 59 85 -75 11 60 -12 4 64 -64 -43 89 -41 86 -100 22 60 -72 95 -6 38 32 -41 70 -1 -64 -23 -9 82 -13 -36 -29 44 -43 44 -67 26 -23 15 95 -23 -78 -4 -14 55 -5 16 97 -14 79 25 5 99 98 96 76 70 32 -98 91 -48 67 -87 79 -29 13 -16 -18 -41 -65 85 50 47 33 5 91 73 31 51 83 87 -4 91 -99 -14 -80 5 44 -18 -94 1 79 -37 -3 -12 65 -61 95 -64 27 7 -61 84 -54 91 -24 97 79 76 -36 55 22 1 -97 43 -25 22 -32 -20 58 79 33 23 -13 -53
38 32 -3 48 16 86 -70 53 -24 -42 53 -62 -98 26 -84 52 16 57 78 -49 -7 54 78 -75 -17 -58 8 3 -77 0 24 40 48 77 -66 -18 -68 -16 -60 -37 33 31 8 23 27 -79 -30 36 -10 -6 47 26 -44 -70 -70 -37 23 -36 -90 95 -32 65 17 -30 90 -83 21 7 -29 38 -93 8 77 -35 -44 5 69 -91 62 -35 93 -26 -57 47 -3 -48 30 17 -25 2 33 8 87 95 -38 -65 -36 99 71 -46 -64 86 24 99 -39 45 -45 -62 -61 50 77 -2 31 77 57 55 2 7 -70 -36 30 46 -80 -45 -73 26
-27 0 -95 40 -27 35 -36 -70 87 70 -98 44 4 76 -4 -81 91 88 44 28 85 62 32 -70 -74 -10 50 84 31 -70 -76 -1 61 -8 -62 97 41 -27 -80 36 -99 26 -34 71 -65 -57 -71 44 80 58 -1 -5 -18 4 -96 10 -21 -34 -36 -3 43 84 60 23 -7 45 40 75 -91 72 67 13 87 21 -42 2 63 -56 37 -52 5 -35 0 -68 -80 -47 19 7 61 32 -14 1 91 -34 -1 41 63 31 63 61 10 48 -38 54 89 -21 92 86 -72 90 -29 84 -2 -96 -42 62 85 59 -66 16 3 -97 -30 59 42 65
-10 2 77 59 -62 -45 -41 -43 -12 55 -47 -35 61 -82 69 -100 -60 -39 5 -47 -84 -98 -31 -14 98 -8 -30 -27 -67 76 -94 21 65 45 -49 58 60 50 82 -11 39 87 -97 -81 16 70 -37 90 15 -66 -11 -28 -45 -8 -55 53 -94 10 -41 -51 -17 57 -3 -94 -95 -33 -21 8 42 -73 -20 -60 30 -42 16 -50 -44 81 -67 67 -32 -73 -94 -25 -40 96 -35 -61 30 78 -26 -13 87 -76 -82 17 -25 -88 -62 -51 -98 -84 28 95 -16 -4 17 -48 -3 -76 -22 -96 65 -1 46 -31 23 51 17 -19 -65 -100 -56 11 31 -20
-70 -53 -20 64 90 92 26 -95 14 -53 -43 30 5 99 75 -35 -100 -45 91 12 -62 92 -30 95 -13 71 36 26 3 -85 -57 -23 -27 16 -34 -48 -43 77 -96 8 -31 -61 -40 -66 30 40 13 -98 -19 -48 21 68 62 -34 10 14 10 7 43 51 92 -79 -26 72 -59 -38 -25 85 89 -29 79 -10 63 -64 -83 -69 16 -93 26 -55 34 -36 47 0 76 -69 90 38 -18 19 -98 -67 -90 35 81 97 24 -83 -98 63 32 -92 -32 -5 -69 -76 -14 42 27 -76 29 51 -15 -37 -19 -73 -54 -32 -77 -3 59 -48 -80 -100 56 -30
83 -28 -33 22 -63 -49 -17 23 20 -44 78 -62 -44 35 -44 74 -62 -33 58 -87 -86 -7 -51 61 7 84 97 -29 89 -4 32 33 -13 84 43 -27 -22 24 68 -52 -28 -34 87 -33 -93 -33 11 -58 73 22 94 -10 -20 -85 48 -75 -13 66 -95 -64 -61 73 -57 -75 -93 -48 -69 -73 37 -38 -30 -48 -47 98 -97 93 -22 26 97 97 -34 -35 -35 -53 81 -57 -82 -71 -67 22 75 43 30 -15 36 -16 19 -83 -70 70 1 -76 -14 56 86 89 -68 84 17 -73 38 77 21 -78 -61 -76 -67 54 16 -33 91 78 -25 -56 -77 -95
30 -89 -44 -55 18 -2 -42 35 -84 41 78 -24 79 9 -70 -79 -91 -8 -62 7 37 -96 16 89 0 94 -45 75 -36 14 66 86 -96 -65 29 -73 -60 55 74 -78 -16 -27 -63 19 -94 86 16 -62 -19 -71 -100 63 12 46 46 -26 -69 64 69 36 73 58 -61 60 -47 -17 8 -84 8 -8 35 93 -45 46 27 88 45 54 14 42 12 -71 -3 66 82 -78 -76 7 -58 -54 -62 37 -66 19 48 -68 44 58 14 -61 50 88 86 -8 -32 -83 80 26 3 21 -6 -51 -89 39 46 35 74 -60 -1 -25 27 60 96 -100 29 65
-23 60 -32 -39 49 -46 -79 -82 87 -20 -37 -9 -38 -43 76 -85 -15 83 -43 82 49 89 -59 58 60 45 98 79 -87 -77 -82 -37 -85 22 -15 -30 -78 3 -90 -20 -98 -57 17 -25 -44 -12 39 -97 -85 -50 -35 84 -8 8 60 -99 10 -14 61 34 41 -60 -89 -86 93 -56 42 16 -51 -84 20 65 -64 -91 -99 -48 -18 -70 78 -58 34 39 77 -56 77 -93 -71 18 86 -99 75 38 -91 -22 -66 -10 27 -76 18 58 -98 -79 74 -23 35 -28 63 38 89 -23 28 -27 66 -24 36 37 -75 -70 16 -28 41 -62 30 -39 85 -93
-24 49 -17 93 -83 85 -88 78 -12 -3 -23 18 -50 56 -54 40 -29 -31 -22 24 -46 -31 -83 -68 64 -83 -26 -97 63 -52 80 82 69 -36 84 -96 13 -32 -99 5 -53 -41 -98 -91 -69 48 -6 -60 -84 12 -64 28 -34 -56 -66 68 -21 -81 -95 -99 -29 -10 11 64 15 93 40 57 14 -71 -30 72 -4 -75 23 -45 91 -69 -3 94 -38 -51 -50 -25 -15 -85 84 40 -49 51 25 -15 42 57 26 -79 -1 40 5 -15 39 49 72 -80 -83 -50 -44 -10 22 -28 73 10 -53 -7 2 2 -52 29 -73 -24 -2 -69 56 12 30 -12
